126
395
254
733
20
721
100
867
116
299
668
270
269
473
196
843
50
794
649
998
235
990
33
40
338
795
40
792
174
681
540
814
300
304
97
618
542
756
556
481
746
90
50
494
524
205
590
912
166
738
989
700
994
605
249
352
423
627
115
912
634
805
153
103
734
706
472
268
183
43
805
24
845
838
755
947
785
978
944
770
266
719
176
928
670
445
461
684
787
377
183
915
240
636
61
208
182
836
679
538
284
626
940
655
306
311
127
699
717
92
964
778
665
598
670
292
34
137
121
469
480
774
118
418
994
529
61
29
26
354
480
617
358
929
656
71
0
730
83
2
688
482
108
171
831
656
540
154
990
474
54
456
960
636
404
999
532
768
998
82
454
493
131
232
959
510
238
549
226
20
409
233
939
737
8
55
173
787
593
951
591
761
963
147
248
513
563
346
16
45
439
602
953
728
485
103
67
712
501
125
877
929
211
481
451
377
149
964
439
333
589
487
59
887
318
202
753
392
738
225
514
871
546
740
696
545
978
305
538
257
998
178
146
165
818
880
485
43
806
122
694
147
324
770
81
514
553
387
909
566
82
205
281
556
251
814
803
665
831
552
573
393
63
956
659
438
369
593
286
425
708
254
367
619
165
832
306
695
2
980
266
422
744
371
13
767
906
455
142
510
824
26
92
712
17
296
477
230
346
713
718
60
461
693
819
750
244
604
462
271
307
866
340
806
857
727
735
524
589
804
678
571
308
119
246
209
592
630
764
128
546
177
226
385
108
782
308
453
987
682
658
627
584
391
294
195
841
685
306
780
85
235
74
460
903
767
570
19
366
437
284
948
22
975
981
215
249
12
707
615
13
846
291
769
119
681
340
371
884
837
9
726
936
926
382
229
447
881
214
632
264
320
535
171
171
379
351
207
234
314
205
307
536
555
381
368
790
72
60
789
490
801
658
130
314
505
347
149
866
880
808
473
518
519
175
832
411
672
115
387
232
175
472
224
178
957
371
679
967
237
363
272
873
914
956
537
18
121
517
420
163
587
492
109
289
157
707
493
287
63
705
458
590
678
662
264
745
645
814
641
955
870
271
793
500
108
617
105
389
982
141
409
295
897
731
638
981
490
123
827
448
138
329
48
317
600
978
213
158
741
167
473
633
191
55
35
401
632
981
330
934
822
501
753
383
966
783
258
744
446
540
647
681
823
382
546
235
508
170
795
92
675
629
898
782
343
321
167
263
448
408
118
379
541
578
671
145
358
595
289
756
558
838
847
712
273
585
50
772
841
973
732
740
673
53
425
647
43
522
781
283
494
857
521
505
683
944
91
679
597
670
740
668
335
911
720
325
919
388
95
111
788
646
795
688
539
194
519
876
657
35
354
287
645
613
760
677
513
812
677
393
900
576
522
684
484
94
973
861
12
669
112
602
665
373
563
606
554
430
471
663
298
40
378
18
883
465
132
726
277
531
518
177
792
201
362
687
160
397
485
716
850
714
329
438
769
917
43
505
209
700
556
330
116
377
901
349
185
453
951
215
648
512
138
247
661
64
29
659
365
155
459
81
457
980
789
774
514
244
675
294
71
344
340
158
574
524
131
991
592
587
369
816
185
786
571
752
675
86
863
643
582
627
628
126
635
967
67
550
858
598
33
560
500
539
403
683
812
370
365
103
687
51
43
443
10
990
582
477
166
522
716
592
496
588
501
135
159
204
388
229
476
293
162
233
98
768
326
687
44
608
628
63
397
105
698
989
760
668
492
212
223
881
538
742
253
263
6
145
441
586
963
777
994
509
534
904
312
922
122
221
530
679
39
921
270
682
824
934
771
339
287
665
1
100
167
471
909
466
31
337
414
703
779
601
868
898
791
940
492
667
305
313
290
184
216
679
260
656
697
836
907
851
499
601
301
366
608
393
1
716
573
161
846
856
147
153
393
155
544
234
973
919
815
457
108
706
222
20
1
754
719
504
839
938
550
321
646
807
986
338
195
123
743
429
475
874
995
93
671
552
728
454
332
854
683
519
485
568
388
802
225
293
558
19
118
949
4
835
179
564
481
229
450
796
40
334
169
513
195
41
944
647
555
85
865
478
19
372
850
658
44
761
349
342
397
18
572
122
946
173
515
490
115
991
581
926
598
971
994
524
560
175
59
545
584
512
865
764
781
610
766
304
683
619
288
206
185
496
810
711
624
725
227
371
597
604
900
756
462
210
25
797
565
507
99
318
517
583
230
459
80
211
81
600
756
516
332
356
786
541
674
67
296
652
905
380
274
125
552